# name: debug
# type: sparse matrix
# nnz: 49
# rows: 7
# columns: 7

1 1 5.99605006e+15
2 1 -9.56169584e+14
3 1 4.81489004e+15
4 1 -2.81660329e+14
5 1 1.15164179e+16
6 1 2.72150113e+15
7 1 4.01953774e+11
1 2 -9.56169584e+14
2 2 2.10106744e+15
3 2 -2.67435395e+14
4 2 -2.32449485e+15
5 2 -1.41776417e+15
6 2 -2.326778e+15
7 2 -5.6170609e+11
1 3 4.81489004e+15
2 3 -2.67435395e+14
3 3 3.99485387e+15
4 3 -8.3453213e+14
5 3 9.3553923e+15
6 3 1.69942852e+15
7 3 1.82049675e+11
1 4 -2.81660329e+14
2 4 -2.32449485e+15
3 4 -8.3453213e+14
4 4 2.98750447e+15
5 4 -1.0236603e+15
6 4 2.25910857e+15
7 4 6.24570642e+11
1 5 1.15164179e+16
2 5 -1.41776417e+15
3 5 9.3553923e+15
4 5 -1.0236603e+15
5 5 2.29142439e+16
6 5 5.02372246e+15
7 5 6.61949118e+11
1 6 2.72150113e+15
2 6 -2.326778e+15
3 6 1.69942852e+15
4 6 2.25910857e+15
5 6 5.02372246e+15
6 6 3.1980472e+15
7 6 6.96988048e+11
1 7 4.01953774e+11
2 7 -5.6170609e+11
3 7 1.82049675e+11
4 7 6.24570642e+11
5 7 6.61949118e+11
6 7 6.96988048e+11
7 7 1.68492847e+10
